use manipulator_tool0
cam0 = [0.58087015152 0.578293740749 0.315642118454 0.00114196352661 -0.899338901043 0.477797031403 -1.19273841381 -0.604839682579]
cam1 = [0.436238792809 0.0548832048804 0.445273872412 0 -0.775583931337 0.0605270808993 -1.05309280277 -0.0804973219529]
cam2 = [0.436148613691 -0.345810413361 0.56203353405 0.0 -0.5870885849 -0.274476230145 -1.16485333443 0.323669970036]
cam3 = [0.436154872179 0.48562425375 0.585111439228 0 -1.17920517921 0.627944886684 -0.672718882561 -0.861014485359]
cam4 = [0.436154872179 0.0549846924841 0.426446676254 0.0 -1.42967021465 0.12920370698 -0.420371472836 -0.168437123299]
cam5 = [0.436154872179 -0.363246679306 0.511991679668 0.0 -1.29689562321 -0.518865168095 -0.555407345295 0.676876604557]
cam6 = [0.409640446901 0.428406774998 0.868454754353 0.0 -1.11104536057 0.648706793785 -0.510071396828 -0.895634293556]
cam7 = [0.409627900124 0.0324351750314 0.736941456795 0.0 -1.36612927914 0.0928134247661 -0.249765470624 -0.11279271543]
cam8 = [0.409640446901 -0.327470839024 0.80832272768 0 -1.22842895985 -0.610767364502 -0.409937351942 0.805550515652]
cam9 = [0.409634158611 0.429497599602 1.1226183176 -0.00124422891531 -1.15974068642 -1.93346881866 0.317792207003 1.63928425312]
cam10 = [0.409627900124 0.00279525411315 1.01902353764 -0.00127831741702 -1.41323947906 0.0246651954949 0.0806175246835 -0.0267995484173]
cam11 = [0.409634158611 -0.326056152582 1.07366728783 -0.00129536166787 -1.27720952034 1.69003665447 0.235169872642 -1.45992875099]