use manipulator_tool0
gripper_bin0 = [0.0428384 0.387744 1.00665 -0.397987 -0.186526 0.336965 -0.493794 -0.637132 ]
gripper_bin1 = [0.0282942 -3.82608e-06 0.814991 1.23183e-05 -0.549783 2.04919e-05 -0.206022 7.82119e-05 ]
gripper_bin2 = [0.0659796 -0.474 0.88879 0.502904 -0.452689 -0.366535 -0.370054 0.730707 ]
gripper_bin3 = [-0.0474996 0.32369 1.33606 -0.653779 -0.0296438 0.334112 -0.369288 -0.951125 ]
gripper_bin4 = [-0.05638 -2.90585e-07 1.08471 -4.8522e-07 -0.55021 1.83924e-05 0.0641233 7.08237e-05 ]
gripper_bin5 = [-0.046534 -0.338801 1.30986 0.553666 -0.0936955 -0.483436 -0.339434 0.999841 ]
gripper_bin6 = [-0.0371173 0.207882 1.82364 -0.470446 0.535439 0.664913 -0.498374 -1.08018 ]
gripper_bin7 = [-0.082488 2.62061e-06 1.36051 -1.09251e-05 -0.525689 -1.09868e-06 0.315401 7.93372e-05 ]
gripper_bin8 = [0.0690665 -0.63124 1.18061 0.587484 -1.09554 0.67962 0.536046 -0.0351379 ]
gripper_bin9 = [0.00409103 0.298294 1.71973 0.174971 -0.424636 -0.439297 0.671818 0.532018 ]
gripper_bin10 = [-0.0378962 2.51439e-06 1.6992 -1.11088e-05 -0.466143 -7.02498e-06 0.594545 8.37777e-05 ]
gripper_bin11 = [0.0478538 -0.560261 1.66257 0.631051 -0.726571 0.905117 0.648223 -0.0618808 ]
