cam2: 0.436311841011 -0.399670183659 0.69427973032 0.000681769277435 -0.292871028185 -0.300553917885 -1.33486700058 0.321775048971

cam8: 0.40871861577 -0.378245592117 0.825435101986 -8.52211596793e-05 -1.16582548618 -0.611739337444 -0.47366592288 0.831477820873

cam11:0.410507947206 -0.389273226261 1.10047793388 -0.00196008663625 -1.21162331104 1.84221971035 0.287188529968 -1.57314252853

cam5: [0.436154872179 -0.408840000629 0.532376587391 0.0 -1.23848497868 -0.538169026375 -0.610691428185 0.711857378483
