use manipulator_tool0
tote00v = [0.688241958618 -1.79390537739 0.236642122269 0.00018748655566 -1.73525619507 0.00366029073484 -1.15290045738 0.303337216377]
tote10v = [0.688241958618 -1.72371721268 0.517803788185 0.000102265388705 -1.32104730606 0.0047386335209 -1.28632640839 0.233165100217]
tote11v = [0.688241958618 -1.52960050106 0.48364713788 0.000102265388705 -1.37754893303 0.00801922567189 -1.26516962051 0.0379885844886]
tote01v = [0.688241958618 -1.54326999187 0.179220095277 -1.70442326635e-05 -1.81074512005 0.00815591774881 -1.13616335392 0.050681527704]
tote02v = [0.688241958618 -1.22135555744 0.212166592479 -0.000153398083057 -1.77300918102 0.0130008663982 -1.14418256283 -0.272958368063]
tote12v = [0.688241958618 -1.28902113438 0.522030711174 -0.000102265388705 -1.31983709335 0.0114213218912 -1.28681242466 -0.20314720273]
tote00h = [0.664496689621 -1.72347828279 0.513141422856 0.0267588027578 -1.33412783622 0.0185074560928 -1.27729541968 0.206315340175]
tote01h = [0.664496689621 -1.72347828279 0.513141422856 0.0267588027578 -1.33412783622 0.0185074560928 -1.27729541968 0.206315340175]
tote02h = [0.718046241156 -1.32111205794 0.473837506257 -0.0418277599428 -1.40265475378 -0.00907839333303 -1.25258054187 -0.128735476442]
tote10h = [0.622536481608 -1.61652937404 0.858693650963 0.013113626237 -0.725507614257 0.0167909121127 -1.54184688769 0.117805843611]
tote11h = [0.70463813881 -1.55649317985 0.823918078048 -0.00375493640425 -0.792666510791 0.0050198957134 -1.5084961161 0.0699800549722]
tote12h = [0.793443860709 -1.46607926404 0.817232623763 -0.0216898049453 -0.808250343645 -0.00836544575972 -1.5006949037 -0.00755502420728]