use manipulator_tool0
tote00v = [0.695093003114 -1.80348747154 0.342525180043 -0.00441083759632 -1.8632730999 0.00233222368421 -0.918375851265 0.317099771187]
tote01v = [0.688472778608 -1.5425884927 0.288629034547 -0.000346363045552 -1.94522336835 0.0101640338863 -0.891436607812 0.0466479096152]
tote02v = [0.680309153976 -1.20942511604 0.324371217116 0.00486896676067 -1.89722185079 0.0182620270333 -0.90795228162 -0.296186238541]
tote10v = [0.703242402871 -1.7448294132 0.598020511861 -0.00176265362073 -1.4433893457 0.00418620618162 -1.0842591397 0.254510358112]
tote11v = [0.685608888432 -1.52514796347 0.56378145052 0.000234507657695 -1.50515949148 0.00928951324195 -1.05808625437 0.0305371723495]
tote12v = [0.666321364249 -1.26038511267 0.609683958363 0.00423888051676 -1.4288619353 0.0147968097151 -1.09045920149 -0.23807534342]
tote00h = [0.677187887048 -1.73944937584 0.593233848126 0.0221549632027 -1.45767510268 0.0199386757307 -1.07363929127 0.222343986991]
tote01h = [0.798745838025 -1.69976355023 0.585276045298 0.0280854092802 -1.47153029372 0.0240741455254 -1.06698743824 0.176371109516]
tote02h = [0.70116011243 -1.29920368869 0.56152428952 -0.0355331071273 -1.51955326961 -0.00966014830025 -1.04744199233 -0.155077777509]
tote10h = [0.636086531397 -1.63422134517 0.89330470162 0.0124129758425 -0.89978068779 0.0166342674524 -1.33281464277 0.131936054077]
tote11h = [0.701435126992 -1.55123514087 0.862038072708 -0.00400214068488 -0.962278276118 0.00589455419347 -1.29989272973 0.0640353853108]
tote12h = [0.769550637137 -1.43491939741 0.865475166157 -0.0204091283123 -0.958649887268 -0.00770824429398 -1.30267223396 -0.0384741005305]
