use manipulator_norail
use manipulator_camera
use manipulator
pose_a = [0.25181965444 0.108928940444 0.0815759139572 -2.55401716224 1.73680501609 1.88020947381 0.734614728634 1.21932061303]
pose_b = [0.00720531810331 -0.433928418508 0.433250802042 -2.49950065461 1.34792225351 2.38980693631 0.230535098579 0.993098118416]
pose_c = [-0.0428036278918 -0.783806437892 0.721450700501 -2.30860375464 0.972072784295 2.53724040044 -0.139166908718 1.11284547417]
pose_d = [-0.152046765184 -0.0118033853127 1.29055779749 -1.87172627481 0.836463689279 2.75316080818 0.77660467131 1.53918435463]
pose_e = [-0.199969659922 -0.382487863233 1.31090701247 -1.85976458648 0.856991186398 2.83144743288 0.429982300793 1.48719778655]
pose_f = [-0.18010646307 -0.644997354052 1.34020069769 -1.86700925371 0.694687460299 2.83735067254 0.014037034887 1.50210933184]
pose_g = [-0.155763802236 0.00967873527581 1.52996863583 -1.93966898465 0.799813760228 3.07607091636 0.793230613248 1.24806409667]
pose_h = [-0.190142726403 -2.78400894018 -1.61289679429 -1.36694380072 0.87653863102 -0.20885924808 -0.541042762103 1.93265643867]
pose_i = [-0.152732749508 -3.11755262959 -1.61933220591 -1.37518335151 0.816302539053 -0.0697883585165 -0.800617670493 1.81829511787]
pose_j = [-0.0969316262744 0.146533339657 1.74796411429 -2.42787394784 0.710822502069 3.14112344683 0.935270434307 0.701685228441]
pose_k = [0.281197013646 -0.00338296423938 1.4709134143 0.0378174922306 -2.0125568276 3.14122938903 -1.9068346903 -3.10237562288]
pose_l = [-0.0801483490651 -3.131240661 -1.90992160683 -1.26071057604 0.807210333181 -0.402851934678 -0.941155114511 2.14434908734]
